[0.90296305887632689, -1.0915053026837525, 0.24514653623579127]
[0.90494340461354472, -1.0814745822208187, 0.2462659946799588]
[0.90692375035076256, -1.071443861757885, 0.24738545312412633]
[0.90890409608798028, -1.0614131412949512, 0.24850491156829385]
[0.91088444182519812, -1.0513824208320175, 0.24962437001246138]
[0.91286478756241596, -1.0413517003690838, 0.2507438284566289]
[0.91484513329963379, -1.03132097990615, 0.2518632869007964]
[0.91682547903685163, -1.0212902594432165, 0.25298274534496396]
[0.91880582477406947, -1.0112595389802828, 0.25410220378913145]
[0.92078617051128719, -1.001228818517349, 0.25522166223329901]
[0.92276651624850503, -0.99119809805441528, 0.25634112067746651]
[0.92474686198572287, -0.98116737759148154, 0.25746057912163406]
[0.9267272077229407, -0.9711366571285478, 0.25858003756580156]
[0.92870755346015854, -0.96110593666561406, 0.33969949600996918]
[0.93266824493459421, -0.94104449573974658, 0.41649396845385983]
[0.93547373472898609, -0.92683430841725711, 0.4526400531016157]
[0.9381623291152783, -0.9132162122332047, 0.48128005088904841]
[0.940738898735475, -0.90016553672348787, 0.50472671543533809]
[0.94320811128816351, -0.88765863936000922, 0.52419643562553231]
[0.94557443998448998, -0.87567286272000888, 0.54185491747446846]
[0.94784217165180285, -0.86418649344000853, 0.55777762924636565]
[0.95001541449964444, -0.85317872288000818, 0.57103689469443375]
[0.95209810556215924, -0.84262960942667453, 0.58374369074883237]
[0.9540940178304026, -0.83252004236722976, 0.59392103696763099]
[0.95600676708746912, -0.82283170726859522, 0.60367432709397972]
[0.9578398184588246, -0.81354705279907047, 0.6130212301317306]
[0.95959649268970693, -0.80464925893244255, 0.62097867887624181]
[0.96127997216096916, -0.79612220647692411, 0.62860456725639846]
[0.96289330665426209, -0.78795044787371893, 0.63591271028738183]
[0.96443941887700113, -0.780119179212314, 0.64191634735874092]
[0.96592110975712608, -0.77261421341180092, 0.6476698328854601]
[0.9673410635172458, -0.76542195451964257, 0.65318358984856595]
[0.96870185253736052, -0.75852937308132418, 0.65746760693820905]
[0.97000594201497048, -0.75192398253626902, 0.66257312331578366]
[0.97125569443101334, -0.74559381659725776, 0.66646590984429266]
[0.97245337382972108, -0.73952740757237201, 0.67019649693411376]
[0.97360114992014934, -0.73371376559018986, 0.67377164289519242]
[0.97470110200680982, -0.72814235869059862, 0.67719782444122611]
[0.97575522275652604, -0.72280309374515705, 0.68048124842284174]
[0.97676542180833748, -0.71768629817244223, 0.68362786307189005]
[0.97773352923299006, -0.7127827024152571, 0.68564336877722798]
[0.97866129884828212, -0.70808342314795469, 0.68857489507817682]
[0.97955041139627042, -0.70357994718345662, 0.69138427444991946]
[0.98040247758809251, -0.69926411605081262, 0.69307659634783947]
[0.98121904102192203, -0.69512811121536211, 0.69569840483334622]
[0.98200158097934198, -0.69116443991472198, 0.69721097129862353]
[0.98275151510520276, -0.68736592158494192, 0.69866051416118091]
[0.98347020197581936, -0.68372567485223601, 0.70104965940446506]
[0.9841589435601602, -0.68023710506672619, 0.70233925692927901]
[0.98481898757848685, -0.67689389235561259, 0.70357512122389243]
[0.98545152976271655, -0.67368998017412873, 0.70475949117289693]
[1.0, -0.588, 0.7320000000000003]
[1.0, -0.564, 0.7363673469387758]
[1.0, -0.5405, 0.7391853741496601]
[1.0, -0.5179791666666667, 0.7398859835600909]
[1.0, -0.49639670138888886, 0.7405574009117538]
[1.0, -0.47571350549768515, 0.7402008425404307]
[1.0, -0.4558921094352816, 0.7388591407679128]
[1.0, -0.43689660487547816, 0.7365733432359165]
[1.0, -0.41869257967233325, 0.7333827872677533]
[1.0, -0.4012470555193194, 0.7303251711315969]
[1.0, -0.3845284282060144, 0.7263949556677803]
[1.0, -0.36850641036409715, 0.7226284991816229]
[1.0, -0.35315197659892644, 0.7180189783823886]
[1.0, -0.3384373109073045, 0.7126015209497891]
[1.0, -0.3243357562861668, 0.7074097909102146]
[1.0, -0.31082176644090986, 0.7024343829556223]
[1.0, -0.29787085950587194, 0.6966662836658047]
[1.0, -0.2854595736931273, 0.6911385218463962]
[1.0, -0.273565424789247, 0.6848410834361297]
[1.0, -0.26216686542302836, 0.6788060382929576]
[1.0, -0.25124324603040216, 0.6730224533640844]
[1.0, -0.24077477744580206, 0.6664798511405808]
[1.0, -0.23074249505222696, 0.6602098573430566]
[1.0, -0.22112822442505084, 0.653201113287096]
[1.0, -0.2119145484073404, 0.646484400233467]
[1.0, -0.20308477555703455, 0.6400475502237392]
[1.0, -0.19462290990882478, 0.63387890229775]
[1.0, -0.18651362199595709, 0.6269672813686771]
[1.0, -0.17874222107945886, 0.6203436446449822]
[1.0, -0.1712946285344814, 0.6139959927847746]
[1.0, -0.16415735234554468, 0.6069128264187423]
[1.0, -0.15731746266448032, 0.6001247919846281]
[1.0, -0.15076256838679364, 0.593619592318602]
[1.0, -0.14448079470401057, 0.5873854426386602]
[1.0, -0.13846076159134346, 0.5814110491953827]
[1.0, -0.13269156319170416, 0.5746855888122417]
[1.0, -0.1271627480587165, 0.5682403559450651]
[1.0, -0.12186430022293664, 0.5620636744473541]
[1.0, -0.11678662104698094, 0.5561443546787143]
[1.0, -0.11192051183669006, 0.5494716732337679]
[1.0, -0.10725715717682797, 0.5430770201823609]
[1.0, -0.1027881089611268, 0.5369488110080959]
[1.0, -0.09850527108774652, 0.5310759438827586]
[1.0, -0.09440088479242376, 0.5254477795543103]
[1.0, -0.09046751459273944, 0.5190541220728807]
[1.0, -0.08669803481804196, 0.5139268669865107]
[1.0, -0.08308561670062355, 0.5080132475287394]
[1.0, -0.07962371600476423, 0.5023460288817087]
[1.0, -0.07630606117123238, 0.4969149443449708]
[1.0, -0.07312664195576436, 0.49071015499726367]
[1.0, -0.07007969854094084, 0.48576389853904434]
[1.0, 0, 0.288]
[1.0, 0, 0.27599999999999997]
[1.0, 0, 0.264]
[1.0, 0, 0.252]
[1.0, 0, 0.24]
[1.0, 0, 0.22799999999999998]
[1.0, 0, 0.21599999999999997]
[1.0, 0, 0.204]
[1.0, 0, 0.192]
[1.0, 0, 0.18]
[1.0, 0, 0.16799999999999998]
[1.0, 0, 0.15599999999999997]
[1.0, 0, 0.144]
[1.0, 0, 0.13199999999999998]
[1.0, 0, 0.12]
[1.0, 0, 0.10799999999999998]
[1.0, 0, 0.09599999999999997]
[1.0, 0, 0.08399999999999999]
[1.0, 0, 0.07199999999999998]
[1.0, 0, 0.06]
[1.0, 0, 0.04799999999999999]
[1.0, 0, 0.035999999999999976]
[1.0, 0, 0.023999999999999966]
[1.0, 0, 0.011999999999999955]
[1.0, 0, 0.0]
[1.0, 0, -0.01200000000000001]
[1.0, 0, -0.02400000000000002]
[1.0, 0, -0.03600000000000003]
[1.0, 0, -0.04800000000000004]
[1.0, 0, -0.06]
[1.0, 0, -0.07200000000000001]
[1.0, 0, -0.08400000000000002]
[1.0, 0, -0.09600000000000003]
[1.0, 0, -0.10800000000000004]
[1.0, 0, -0.12]
[1.0, 0, -0.132]
[1.0, 0, -0.14400000000000002]
[1.0, 0, -0.15600000000000003]
[1.0, 0, -0.16800000000000004]
[1.0, 0, -0.18]
[1.0, 0, -0.192]
[1.0, 0, -0.20400000000000001]
[1.0, 0, -0.21600000000000003]
[1.0, 0, -0.22800000000000004]
[1.0, 0, -0.24000000000000005]
[1.0, 0, -0.25200000000000006]
[1.0, 0, -0.26400000000000007]
[1.0, 0, -0.2760000000000001]
[1.0, 0, -0.288]
[1.0, 0, -0.3]
[1.0, 0, -0.312]
pause
[1.0, 0, -0.288]
[1.0, 0, -0.27599999999999997]
[1.0, 0, -0.264]
[1.0, 0, -0.252]
[1.0, 0, -0.24]
[1.0, 0, -0.22799999999999998]
[1.0, 0, -0.21599999999999997]
[1.0, 0, -0.204]
[1.0, 0, -0.192]
[1.0, 0, -0.18]
[1.0, 0, -0.16799999999999998]
[1.0, 0, -0.15599999999999997]
[1.0, 0, -0.144]
[1.0, 0, -0.13199999999999998]
[1.0, 0, -0.12]
[1.0, 0, -0.10799999999999998]
[1.0, 0, -0.09599999999999997]
[1.0, 0, -0.08399999999999999]
[1.0, 0, -0.07199999999999998]
[1.0, 0, -0.06]
[1.0, 0, -0.04799999999999999]
[1.0, 0, -0.035999999999999976]
[1.0, 0, -0.023999999999999966]
[1.0, 0, -0.011999999999999955]
[1.0, 0, 0.0]
[1.0, 0, 0.01200000000000001]
[1.0, 0, 0.02400000000000002]
[1.0, 0, 0.03600000000000003]
[1.0, 0, 0.04800000000000004]
[1.0, 0, 0.06]
[1.0, 0, 0.07200000000000001]
[1.0, 0, 0.08400000000000002]
[1.0, 0, 0.09600000000000003]
[1.0, 0, 0.10800000000000004]
[1.0, 0, 0.12]
[1.0, 0, 0.132]
[1.0, 0, 0.14400000000000002]
[1.0, 0, 0.15600000000000003]
[1.0, 0, 0.16800000000000004]
[1.0, 0, 0.18]
[1.0, 0, 0.192]
[1.0, 0, 0.20400000000000001]
[1.0, 0, 0.21600000000000003]
[1.0, 0, 0.22800000000000004]
[1.0, 0, 0.24000000000000005]
[1.0, 0, 0.25200000000000006]
[1.0, 0, 0.26400000000000007]
[1.0, 0, 0.2760000000000001]
[1.0, 0, 0.288]
[1.0, 0, 0.3]
[1.0, 0, 0.312]
[1.0, 0.003, 0.306]
[1.0, 0.006, 0.312]
[1.0, 0.009000000000000001, 0.318]
[1.0, 0.012, 0.324]
[1.0, 0.015, 0.32999999999999996]
[1.0, 0.018000000000000002, 0.33599999999999997]
[1.0, 0.021, 0.34199999999999997]
[1.0, 0.024, 0.348]
[1.0, 0.027, 0.354]
[1.0, 0.03, 0.36]
[1.0, 0.033, 0.366]
[1.0, 0.036000000000000004, 0.372]
[1.0, 0.039, 0.378]
[1.0, 0.042, 0.384]
[1.0, 0.045, 0.39]
[1.0, 0.048, 0.396]
[1.0, 0.051000000000000004, 0.402]
[1.0, 0.054, 0.408]
[1.0, 0.057, 0.414]
[1.0, 0.06, 0.42]
[1.0, 0.063, 0.426]
[1.0, 0.066, 0.432]
[1.0, 0.069, 0.438]
[1.0, 0.07200000000000001, 0.444]
[1.0, 0.075, 0.44999999999999996]
[1.0, 0.078, 0.45599999999999996]
[1.0, 0.081, 0.46199999999999997]
[1.0, 0.084, 0.46799999999999997]
[1.0, 0.08700000000000001, 0.474]
[1.0, 0.09, 0.48]
[1.0, 0.093, 0.486]
[1.0, 0.096, 0.492]
[1.0, 0.099, 0.498]
[1.0, 0.10200000000000001, 0.504]
[1.0, 0.105, 0.51]
[1.0, 0.108, 0.516]
[1.0, 0.111, 0.522]
[1.0, 0.114, 0.528]
[1.0, 0.117, 0.534]
[1.0, 0.12, 0.54]
[1.0, 0.123, 0.546]
[1.0, 0.126, 0.552]
[1.0, 0.129, 0.558]
[1.0, 0.132, 0.5640000000000001]
[1.0, 0.135, 0.5700000000000001]
[1.0, 0.138, 0.5760000000000001]
[1.0, 0.14100000000000001, 0.5820000000000001]
[1.0, 0.14400000000000002, 0.5880000000000001]
[1.0, 0.147, 0.594]
[1.0, 0.15, 0.6]
[1.0, 0.153, 0.606]
[0.998, 0.13699999999999998, 0.6]
[0.996, 0.124, 0.6]
[0.994, 0.11099999999999999, 0.6]
[0.992, 0.09799999999999999, 0.6]
[0.99, 0.08499999999999999, 0.6]
[0.988, 0.07199999999999998, 0.6]
[0.986, 0.05899999999999998, 0.6]
[0.984, 0.045999999999999985, 0.6]
[0.982, 0.03299999999999999, 0.6]
[0.98, 0.01999999999999999, 0.6]
[0.978, 0.0069999999999999785, 0.6]
[0.976, -0.006000000000000033, 0.6]
[0.974, -0.019000000000000017, 0.6]
[0.972, -0.03200000000000003, 0.6]
[0.97, -0.04500000000000001, 0.6]
[0.968, -0.058000000000000024, 0.6]
[0.966, -0.07100000000000004, 0.6]
[0.964, -0.08400000000000002, 0.6]
[0.962, -0.09700000000000003, 0.6]
[0.96, -0.11000000000000001, 0.6]
[0.958, -0.12300000000000003, 0.6]
[0.956, -0.13600000000000004, 0.6]
[0.954, -0.14900000000000005, 0.6]
[0.952, -0.16200000000000006, 0.6]
[0.95, -0.17500000000000002, 0.6]
[0.948, -0.18800000000000003, 0.61]
[0.944, -0.21400000000000002, 0.6301666666666667]
[0.9421666666666666, -0.22591666666666668, 0.6379097222222222]
[0.9404097222222222, -0.23733680555555559, 0.6453301504629629]
[0.9387259837962962, -0.2482811053240741, 0.6514413941936729]
[0.9371124011381172, -0.2587693926022377, 0.6572980027689365]
[0.9355660510906957, -0.26882066791047776, 0.6619105859868974]
[0.93408413229525, -0.2784531400808745, 0.6673309782374434]
[0.9326639601162813, -0.2876842592441714, 0.6715255208108832]
[0.9313029617781029, -0.2965307484423309, 0.6745452907770965]
[0.9299986717040153, -0.30500863392390043, 0.6784392369947174]
[0.9287487270496814, -0.31313327417707126, 0.6811709354532709]
[0.9275508634226113, -0.32091938775302664, 0.684788813142718]
[0.9264029107800025, -0.3283810799299839, 0.6872559459284381]
[0.9253027894975023, -0.33553186826623455, 0.6896202815147532]
[0.924248506601773, -0.3423847070884748, 0.6908861031183051]
[0.9232381521600325, -0.34895201095978834, 0.6930991821550424]
[0.9222698958200312, -0.35524567716979716, 0.695220049565249]
[0.9213419834941965, -0.3612771072877223, 0.6962525475000303]
[0.9204527341819383, -0.3670572278174005, 0.698242024687529]
[0.9196005369243575, -0.3725965099916755, 0.6991486069922154]
[0.9187838478858426, -0.37790498874202233, 0.7000174150342064]
[0.9180011875572658, -0.3829922808777714, 0.7008500227411145]
[0.917251138075713, -0.38786760250786423, 0.7026479384602348]
[0.9165323406558916, -0.39253978573670323, 0.7033709410243917]
[0.9158434931285628, -0.3970172946643406, 0.7040638184817087]
[0.898, -0.506, 0.7080000000000001]
[0.894, -0.518, 0.7053469387755102]
[0.8900833333333333, -0.52975, 0.7034574829931973]
[0.8863298611111111, -0.5410104166666667, 0.7006467545351475]
[0.8827327835648148, -0.5518016493055556, 0.6979531397628497]
[0.8792855842496141, -0.5621432472511575, 0.6943717589393976]
[0.8759820182392135, -0.5720539452823593, 0.6919396023169228]
[0.8728161008125797, -0.581551697562261, 0.6886087855537176]
[0.8697820966120555, -0.5906537101638335, 0.6854167528223127]
[0.8668745092532198, -0.5993764722403404, 0.6813577214547164]
[0.8640880713676691, -0.6077357858969928, 0.6784678163941033]
[0.8614177350606829, -0.6157467948179515, 0.6746983240443489]
[0.8588586627664877, -0.6234240117005369, 0.6710858938758344]
[0.8564062184845507, -0.6307813445463478, 0.666623981631008]
[0.8540559593810277, -0.6378321218569166, 0.6633479823963827]
[0.8518036277401516, -0.6445891167795451, 0.6602084831298668]
[0.8496451432509786, -0.6510645702470641, 0.656199796332789]
[0.8475765956155212, -0.6572702131534365, 0.6523581381522562]
[0.8455942374648745, -0.6632172876053766, 0.6486765490625789]
[0.8436944775705048, -0.6689165672884859, 0.6451483595183047]
[0.8418738743384004, -0.674378376984799, 0.6417671778717087]
[0.8401291295743004, -0.679612611277099, 0.6385268787937208]
[0.8384570825087045, -0.6846287524738865, 0.6344215921773158]
[0.8368547040708418, -0.6894358877874747, 0.6314873591699276]
[0.8353190914012234, -0.6940427257963299, 0.6276753858711807]
[0.8338474625928392, -0.6984576122214828, 0.6240222447932148]
[0.8324371516514708, -0.7026885450455878, 0.6215213179268309]
[0.8310856036659928, -0.7067431890020216, 0.6181245963465463]
[0.8297903701799098, -0.7106288894602707, 0.6148694048321068]
[0.8285491047557468, -0.7143526857327595, 0.6117498462974357]
[0.8273595587242574, -0.7179213238272278, 0.6087602693683759]
[0.8262195771107467, -0.72134126866776, 0.6058952581446936]
[0.8251270947311322, -0.7246187158066034, 0.6021496223886647]
[0.8240801324506684, -0.727759602647995, 0.599560054789137]
[0.8230767935985572, -0.7307696192043286, 0.5970783858395896]
[0.8221152605319507, -0.7336542184041482, 0.59470011976294]
[0.8211937913431194, -0.7364186259706421, 0.5914209481061509]
[0.8203107167038228, -0.739067849888532, 0.589278408601728]
[0.8194644368411635, -0.7416066894765099, 0.586225141576656]
[0.8186534186394484, -0.7440397440816553, 0.5842990940109619]
[0.8178761928628048, -0.7463714214115863, 0.5814532984271719]
[0.8171313514935212, -0.7486059455194368, 0.579726077659373]
[0.8164175451812912, -0.750747364456127, 0.5770708244235658]
[0.8157334807987374, -0.7527995576037884, 0.5745262067392506]
[0.81507791909879, -0.7547662427036305, 0.5730876147917818]
[0.8144496724696738, -0.7566509825909792, 0.5707089641754576]
[0.8138476027834374, -0.7584571916496884, 0.5684294240014802]
[0.8132706193341275, -0.7601881419976181, 0.5672448646680852]
[0.8127176768618721, -0.761846969414384, 0.5651096619735817]
[0.8121877736592942, -0.763436679022118, 0.5630634260580158]
[0.8116799497568236, -0.7649601507295297, 0.5611024499722652]
